Wavelength Transmission
1.498741698 0.474786274563371
1.500349790 0.48224324787860195
1.501957882 0.490051988280379
1.503565974 0.49808235367570497
1.505174066 0.506615129755333
1.506782158 0.5154103739531091
1.508390249 0.524427135786088
1.509998341 0.533725749285027
1.511606433 0.543221756627019
1.513214525 0.553008944303694
1.514822617 0.563156570604997
1.516430709 0.573531341522489
1.518038801 0.583986967862633
1.519646893 0.594452496920142
1.521254985 0.604917509682656
1.522863077 0.615495887638707
1.524471169 0.626110742977141
1.526079261 0.636701914271921
1.527687353 0.647181591392973
1.529295445 0.657552079553991
1.530903537 0.667728872685795
1.532511629 0.6775730994384109
1.534119721 0.687070268200396
1.535727813 0.696273963723227
1.537335905 0.704959480761786
1.538943997 0.713245689356232
1.540552088 0.720886936552925
1.542160180 0.727805202339408
1.543768272 0.734030584091372
1.545376364 0.7395391258295091
1.546984456 0.744231684677465
1.548592548 0.748128424304593
1.550200640 0.751124893754519
1.551808732 0.753244823193444
1.553416824 0.754423408880929
1.555024916 0.754685760225161
1.556633008 0.7540778003734551
1.558241100 0.752601631736858
1.559849192 0.750189801117219
1.561457284 0.746741272636641
1.563065376 0.7423986194243529
1.564673468 0.7372777973363149
1.566281560 0.731469387961366
1.567889652 0.7249752085811499
1.569497744 0.717769757112209
1.571105836 0.709899966354662
1.572713927 0.701520159143473
1.574322019 0.692644126116123
1.575930111 0.6833090230513049
1.577538203 0.6735830585613679
1.579146295 0.6635446556208621
1.580754387 0.653273671741475
1.582362479 0.64281818700644
1.583970571 0.632196599634556
1.585578663 0.6214828599176969
1.587186755 0.6106975189188281
1.588794847 0.59988797386312
1.590402939 0.589143588316163
1.592011031 0.578379851724079
1.593619123 0.5676179953885
1.595227215 0.557039709385777
1.596835307 0.546683738384503
1.598443399 0.5365165899528099
1.600051491 0.526476699981422
1.601659583 0.516704394993314
1.603267675 0.5072150782785301
1.604875767 0.497935575050525
1.606483858 0.488829217096688
1.608091950 0.47991370857985105
1.609700042 0.47125954064545605
1.611308134 0.46287226144739
1.612916226 0.45479863817688
1.614524318 0.44703358840104795
1.616132410 0.439523555804207
1.617740502 0.43220238150935303
1.619348594 0.425094176618465
1.620956686 0.418260792105352
1.622564778 0.411712597437634
1.624172870 0.405407851693796
1.625780962 0.39925756668662304
1.627389054 0.393328264259726
1.628997146 0.387588743477667
1.630605238 0.382028845119982
1.632213330 0.37671434280056504
1.633821422 0.371697941204258
1.635429514 0.36682857234367605
1.637037606 0.362131376621588
1.638645697 0.357668057119054
1.640253789 0.35349408860299003
1.641861881 0.34945411235477003
1.643469973 0.34559556103266603
1.645078065 0.341935471399969
1.646686157 0.338445041410189
1.648294249 0.335048868485239
1.649902341 0.331779199975318
1.651510433 0.328654933235802
1.653118525 0.325707797363507
1.654726617 0.322961055371331
1.656334709 0.320339988455995
1.657942801 0.317833855082242
1.659550893 0.31543592643761
1.661158985 0.313255825095816
1.662767077 0.3112047059104
1.664375169 0.309244621954908
1.665983261 0.307339340909461
1.667591353 0.305590012051176
1.669199445 0.30398290121367
1.670807536 0.302488700095713
1.672415628 0.301082251883031
1.674023720 0.299861117800273
1.675631812 0.298779059319589
1.677239904 0.297779060648971
1.678847996 0.296797443373542
1.680456088 0.295923296051443
1.682064180 0.295180834088756
1.683672272 0.294544661401844
1.685280364 0.29397348140844204
1.686888456 0.29355004790767397
1.688496548 0.293224433281324
1.690104640 0.292992265314453
1.691712732 0.292870855344256
1.693320824 0.292860740117956
1.694928916 0.292930205042774
1.696537008 0.293070533962968
1.698145100 0.293393950989341
1.699753192 0.29379212844978503
1.701361284 0.294236913063328
1.702969375 0.294694584870875
1.704577467 0.295185591880017
1.706185559 0.295774790618424
1.707793651 0.296484610529898
1.709401743 0.297351515019445
1.711009835 0.29827520687445497
1.712617927 0.29927135886544504
1.714226019 0.30039462366979497
1.715834111 0.301573485579757
1.717442203 0.302800198543288
1.719050295 0.30407950917834
1.720658387 0.3054781526549
1.722266479 0.306950366022908
1.723874571 0.308492887529974
1.725482663 0.31013098291893704
1.727090755 0.31184957433639904
1.728698847 0.313652068200355
1.730306939 0.315574683697506
1.731915031 0.317536135932917
1.733523123 0.319568640858552
1.735131214 0.32168377423357697
1.736739306 0.32395460335106796
1.738347398 0.326243716302506
1.739955490 0.328563378520601
1.741563582 0.331015366798443
1.743171674 0.333524817799521
1.744779766 0.33609740212564904
1.746387858 0.33878810651003805
1.747995950 0.341610456394406
1.749604042 0.344491218421174
1.751212134 0.34738427515062903
1.752820226 0.35037503616149995
1.754428318 0.353470484834722
1.756036410 0.356721393264964
1.757644502 0.360076812615242
1.759252594 0.363483043315971
1.760860686 0.366932479499459
1.762468778 0.370450474667316
1.764076870 0.374040953644406
1.765684962 0.377719282103415
1.767293053 0.38162266109358906
1.768901145 0.38560366726849205
1.770509237 0.38965311780457695
1.772117329 0.393717895990455
1.773725421 0.39788737172613203
1.775333513 0.402206565480403
1.776941605 0.406667209429176
1.778549697 0.411208568462185
1.780157789 0.415837982953293
1.781765881 0.42051951571277896
1.783373973 0.42526452464060804
1.784982065 0.430089812510611
1.786590157 0.43507803218193997
1.788198249 0.440162617432657
1.789806341 0.445346614919443
1.791414433 0.45063420728755504
1.793022525 0.45599087884826406
1.794630617 0.461386789517687
1.796238709 0.466847626971985
1.797846801 0.472374184962299
1.799454893 0.478007989557888
1.801062984 0.4837401730042
1.802671076 0.489567022251947
1.804279168 0.495550770340972
1.805887260 0.501574161259629
1.807495352 0.507627516648362
1.809103444 0.513794150542568
1.810711536 0.520059645479749
1.812319628 0.5264560920089439
1.813927720 0.532864950967639
1.815535812 0.53931084746962
1.817143904 0.545769366621826
1.818751996 0.552298871182927
1.820360088 0.558900059166035
1.821968180 0.565539776137086
1.823576272 0.572254419751717
1.825184364 0.579047452901936
1.826792456 0.5859467578780211
1.828400548 0.592913249776157
1.830008640 0.599893499060988
1.831616732 0.6069377573189559
1.833224823 0.614046351986588
1.834832915 0.621140940905049
1.836441007 0.6282726517289671
1.838049099 0.635417476668839
1.839657191 0.6425621731625679
1.841265283 0.6497333447055409
1.842873375 0.656830264816109
1.844481467 0.66397565432088
1.846089559 0.6711694119027889
1.847697651 0.678384873581434
1.849305743 0.685643172253052
1.850913835 0.692900948115586
1.852521927 0.700101737682841
1.854130019 0.7072649815129181
1.855738111 0.714320568493666
1.857346203 0.72137013033992
1.858954295 0.728345020791986
1.860562387 0.735290839791102
1.862170479 0.742236240765364
1.863778571 0.74917996652572
1.865386662 0.7560859286731081
1.866994754 0.762806096911301
1.868602846 0.7694655055855939
1.870210938 0.7760990567220359
1.871819030 0.782651020022056
1.873427122 0.7891837889436251
1.875035214 0.7955878747572921
1.876643306 0.8018925073813411
1.878251398 0.8081242805618181
1.879859490 0.814153240111457
1.881467582 0.820149747625715
1.883075674 0.8260211274820609
1.884683766 0.831765984301428
1.886291858 0.837365677155573
1.887899950 0.8428264484378409
1.889508042 0.8482505610942119
1.891116134 0.8535189259043671
1.892724226 0.858709278581238
1.894332318 0.863732289817364
1.895940410 0.8685946610781551
1.897548501 0.873367759006901
1.899156593 0.877930537539563
1.900764685 0.8824440021041821
1.902372777 0.886774417300549
1.903980869 0.890961946759525
1.905588961 0.8949590325290271
1.907197053 0.8988146771410079
1.908805145 0.902614187523733
1.910413237 0.90627115124278
1.912021329 0.909886362031523
1.913629421 0.9133414247478701
1.915237513 0.916687175500438
1.916845605 0.919888428064816
1.918453697 0.92290745813457
1.920061789 0.92584472302007
1.921669881 0.928566808036606
1.923277973 0.931232566792975
1.924886065 0.933665164972038
1.926494157 0.9360135927519689
1.928102249 0.9382166926297699
1.929710340 0.9403318699972
1.931318432 0.942384546019814
1.932926524 0.9443590695192761
1.934534616 0.94631376117182
1.936142708 0.947988689087434
1.937750800 0.9496119159120591
1.939358892 0.951043004879443
1.940966984 0.952434581450581
1.942575076 0.953771092865998
1.944183168 0.9550479035529039
1.945791260 0.956284585981509
1.947399352 0.957399410176688
1.949007444 0.95847580769831
1.950615536 0.959319241925834
1.952223628 0.9601390992242039
1.953831720 0.9608800036040129
1.955439812 0.961594909496424
1.957047904 0.962243875539193
1.958655996 0.9628400695806321
1.960264088 0.9633767382177549
1.961872179 0.963822711052467
1.963480271 0.9642178245351739
1.965088363 0.96455757399691
1.966696455 0.9648818909879989
1.968304547 0.965188537431806
1.969912639 0.965486388830853
1.971520731 0.965679819171941
1.973128823 0.9658621683026599
1.974736915 0.965995616310547
1.976345007 0.966089040886405
1.977953099 0.966095714416127
1.979561191 0.966104612527466
1.981169283 0.96611351072076
1.982777375 0.966077918439311
1.984385467 0.966011186445769
1.985993559 0.96590887300828
1.987601651 0.965791003569918
1.989209743 0.965757646906454
1.990817835 0.965744304563653
1.992425927 0.9656464663485841
1.994034019 0.965537521819856
1.995642110 0.965324115106078
1.997250202 0.965106311071206
1.998858294 0.964837457557951
2.000466386 0.9645864471156319
2.002074478 0.964428765996561
2.003682570 0.964277771625512
2.005290662 0.964146780957695
2.006898754 0.963991391380581
2.008506846 0.963778326398334
2.010114938 0.9635786207471569
2.011723030 0.963398921042307
2.013331122 0.9632126011901021
2.014939214 0.9630196650447159
2.016547306 0.962822333574458
2.018155398 0.9626228260156889
2.019763490 0.9624078474903629
2.021371582 0.962179623880713
2.022979674 0.962006830362395
2.024587766 0.961873933387588
2.026195858 0.961772058140244
2.027803949 0.961690122836414
2.029412041 0.9615882670570539
2.031020133 0.9614753526077839
2.032628225 0.961364665038885
2.034236317 0.9612539902126299
2.035844409 0.961136688807584
2.037452501 0.9610194017167779
2.039060593 0.960939743176249
2.040668685 0.960877791098588
2.042276777 0.9608003566181419
2.043884869 0.960714079833501
2.045492961 0.960618963127876
2.047101053 0.960521644154034
2.048709145 0.9604398153754959
2.050317237 0.9603624161903009
2.051925329 0.960304923690508
2.053533421 0.960251856745566
2.055141513 0.9602209023819419
2.056749605 0.960196581796251
2.058357697 0.960203214622167
2.059965788 0.9602297463840139
2.061573880 0.960260701032739
2.063181972 0.96029386783514
2.064790064 0.9602982901620131
2.066398156 0.9602739676162351
2.068006248 0.960276178731304
2.069614340 0.960307134876855
2.071222432 0.9603668388328509
2.072830524 0.960461930574122
2.074438616 0.9605570317310019
2.076046708 0.960647718348007
2.077654800 0.960716291961967
2.079262892 0.960742837900861
2.080870984 0.960773809089969
2.082479076 0.960824692496698
2.084087168 0.960873366103021
2.085695260 0.9608999163820929
2.087303352 0.9609264673947869
2.088911444 0.960933105262592
2.090519536 0.9609419558243241
2.092127627 0.96105480763215
2.093735719 0.9611676726931501
2.095343811 0.961238496753733
2.096951903 0.961304899050164
2.098559995 0.961415579737853
2.100168087 0.9615395572370019
2.101776179 0.961672408012847
2.103384271 0.961814135738741
2.104992363 0.9619005113137381
2.106600455 0.9619403795799429
2.108208547 0.961982464542514
2.109816639 0.9620267664922479
2.111424731 0.962082146798496
2.113032823 0.9621641155024849
2.114640915 0.962241659893341
2.116249007 0.962294836801905
2.117857099 0.962350232539965
2.119465191 0.9623480166492161
2.121073283 0.96234580076357
2.122681375 0.9623879034633489
2.124289466 0.962438872353904
2.125897558 0.962441088453856
2.127505650 0.962421143737988
2.129113742 0.962430008005124
2.130721834 0.9624654658901101
2.132329926 0.962525304033279
2.133938018 0.962636125233373
2.135546110 0.9627314416704441
2.137154202 0.96272700813852
2.138762294 0.962720357878916
2.140370386 0.962669374081436
2.141978478 0.9626161764757479
2.143586570 0.962574063789445
2.145194662 0.9625341692597721
2.146802754 0.9625452509077109
2.148410846 0.96260066106118
2.150018938 0.962636125233373
2.151627030 0.9626316921403961
2.153235122 0.962620609497271
2.154843214 0.9625563326832329
2.156451305 0.9624920601611331
2.158059397 0.962421143737988
2.159667489 0.9623480166492161
2.161275581 0.962250522507362
2.162883673 0.9621397456988671
2.164491765 0.962042272656654
2.166099857 0.961962529330733
2.167707949 0.961882792614707
2.169316041 0.961798633251438
2.170924133 0.961712266824765
2.172532225 0.961625908153518
2.174140317 0.9615395572370019
2.175748409 0.9613868015332061
2.177356501 0.961196444338383
2.178964593 0.9610061248348001
2.180572685 0.96081141830471
2.182180777 0.9606211750373269
2.183788869 0.9604641421219919
2.185396961 0.960307134876855
2.187005053 0.9601280452779499
2.188613145 0.9599467787161351
2.190221236 0.959767756320771
2.191829328 0.9595953959389191
2.193437420 0.9594120208078251
2.195045512 0.95919334207943
2.196653604 0.958976921317886
2.198261696 0.958784833599676
2.199869788 0.958594991601563
2.201477880 0.958391946427162
2.203085972 0.958175706482821
2.204694064 0.9579595153282411
2.206302156 0.957734551850582
2.207910248 0.9575096412024701
2.209518340 0.957326664651391
2.211126432 0.957148130886341
2.212734524 0.956989462157948
2.214342616 0.956844038930055
2.215950708 0.956696434923055
2.217558800 0.956531233566879
2.219166892 0.956366060737504
2.220774984 0.956176697662979
2.222383075 0.9559829696084491
2.223991167 0.955828895776218
2.225599259 0.955718858242266
2.227207351 0.955604432644948
2.228815443 0.9554636199472959
2.230423535 0.955322827999041
2.232031627 0.9552040509299919
2.233639719 0.95509408532982
2.235247811 0.9549951271136039
2.236855903 0.9549137691502131
2.238463995 0.954830219537511
2.240072087 0.9546675386382
2.241680179 0.954496094181541
2.243288271 0.954326877930136
2.244896363 0.9541576916779521
2.246504455 0.953988535419671
2.248112547 0.9538172129021509
2.249720639 0.953645921151673
2.251328731 0.953498810490485
2.252936823 0.953360503257074
2.254544914 0.95324197016752
2.256153006 0.953171735291084
2.257761098 0.953101505589553
2.259369190 0.953042253303814
2.260977282 0.95298519902865
2.262585374 0.9529215655973531
2.264193466 0.9528403842848551
2.265801558 0.952761403700037
2.267409650 0.9526802360320541
2.269017742 0.9525990752789091
2.270625834 0.952515728188971
2.272233926 0.952432388391437
2.273842018 0.952349055885669
2.275450110 0.952303006839485
2.277058202 0.952261345335375
2.278666294 0.952230648551254
2.280274386 0.9522131079760371
2.281882478 0.9521955677239271
2.283490570 0.952131987018475
2.285098662 0.952066218342474
2.286706753 0.9520223750823721
2.288314845 0.952002646274034
2.289922937 0.951985109898736
2.291531029 0.9519829178745369
2.293139121 0.951980725855385
2.294747213 0.951971957829251
2.296355305 0.951950038117221
2.297963397 0.9519303108079259
2.299571489 0.9519566139778349
2.301179581 0.9519894939622771
2.302787673 0.952028951442674
2.304395765 0.9520837562118589
2.306003857 0.952138564135951
2.307611949 0.9521626806220731
2.309220041 0.952180220268374
2.310828133 0.952210915426854
2.312436225 0.9522723087123769
2.314044317 0.9523315131293291
2.315652409 0.952417037118817
2.317260501 0.952513534942979
2.318868592 0.952601268721865
2.320476684 0.952647332190638
2.322084776 0.952691204231741
2.323692868 0.9527438533480389
2.325300960 0.9528030870817371
2.326909052 0.95286013045404
2.328517144 0.952930342369738
2.330125236 0.952998365096676
2.331733328 0.9530707817223021
2.333341420 0.953151982664495
2.334949512 0.953235385428011
2.336557604 0.953290259647118
2.338165696 0.953336356432362
2.339773788 0.953386845945207
2.341381880 0.9534570966721659
2.342989972 0.953529548155976
2.344598064 0.9536415294600209
2.346206156 0.953795250702043
2.347814248 0.9539468001767869
2.349422340 0.954074208217798
2.351030431 0.9541950419066779
2.352638523 0.95432248310257
2.354246615 0.954469720844171
2.355854707 0.9546191793917229
2.357462799 0.9547554708172941
2.359070891 0.954885185565291
2.360678983 0.955014917936561
2.362287075 0.955133671487428
2.363895167 0.9552502402574861
2.365503259 0.955373422717127
2.367111351 0.955523022773589
2.368719443 0.955670445740576
2.370327535 0.955811288919449
2.371935627 0.955945549394547
2.373543719 0.956079828728886
2.375151811 0.956207521654745
2.376759903 0.956335231635125
2.378367995 0.9564651610121889
2.379976087 0.956601715989417
2.381584179 0.956736087493873
2.383192271 0.956872681151401
2.384800362 0.957009294310469
2.386408454 0.957143723066455
2.388016546 0.957260537152166
2.389624638 0.957364138928653
2.391232730 0.9574699565711979
2.392840822 0.957633115018819
2.394448914 0.9578007120947141
2.396057006 0.957968338502072
2.397665098 0.9581293756999141
2.399273190 0.958290439968565
2.400881282 0.958438289906796
2.402489374 0.958568505009036
2.404097466 0.958698737802527
2.405705558 0.9588488585635769
2.407313650 0.959010043779341
2.408921742 0.9591690475199041
2.410529834 0.959294944177502
2.412137926 0.959416439073633
2.413746018 0.959535739941881
2.415354110 0.959648426605493
2.416962201 0.959763336437091
2.418570293 0.959880470232093
2.420178385 0.960013091780763
2.421786477 0.960143520838339
2.423394569 0.96029386783514
2.425002661 0.960466353674954
2.426610753 0.960641082451578
2.428218845 0.960778233627058
2.429826937 0.960895491284636
2.431435029 0.9610127632528609
2.433043121 0.961110131986338
2.434651213 0.961200870821783
2.436259305 0.9612916182239231
2.437867397 0.9614310760510131
2.439475489 0.961574982315966
2.441083581 0.961714481251643
2.442691673 0.961831853173054
2.444299765 0.961949239419056
2.445907857 0.962062209520994
2.447515949 0.962153038242504
2.449124040 0.962243875539193
2.450732132 0.962325858022354
2.452340224 0.962392335433635
2.453948316 0.962456601296396
2.455556408 0.962531952945494
2.457164500 0.962618392983958
2.458772592 0.962704840785156
2.460380684 0.9627779949883499
2.461988776 0.9628400695806321
2.463596868 0.962904365341826
2.465204960 0.962964230772133
2.466813052 0.963024099924377
2.468421144 0.96308397279879
2.470029236 0.9631615913243731
2.471637328 0.9632436519962561
2.473245420 0.9633257196596481
2.474853512 0.963410012646126
2.476461604 0.96349653153861
2.478069696 0.9635830582009111
2.479677788 0.9636762494504331
2.481285879 0.963769449712784
2.482893971 0.9638626589888349
2.484502063 0.963880414158688
2.486110155 0.9638915113059341
2.487718247 0.9639003891157181
2.489326339 0.9639203644866989
2.490934431 0.963938120719536
2.492542523 0.9639580968724469
2.494150615 0.9640047095058251
2.495758707 0.9640535442059419
2.497366799 0.964102381379935
2.498974891 0.9641245809132301
2.499778162 0.9638090501458509
2.501129393 0.963536120757712
2.502480624 0.963531683520112
2.503831856 0.9635250277020271
2.505183087 0.9637225031901999
2.506534319 0.9638467781742309
2.507885550 0.9637535704339171
2.509236782 0.963544995294213
2.510588013 0.963409667493453
2.511939244 0.96326548665533
2.513290476 0.963760227830725
2.514641707 0.963920019151186
2.515992939 0.963604900553593
2.517344170 0.963538339384174
2.518695402 0.963518371929919
2.520046633 0.9636448394622841
2.521397865 0.96369809391556
2.522749096 0.963820146471484
2.524100327 0.9636736852591611
2.525451559 0.963593806706057
2.526802790 0.963509497638627
2.528154022 0.9633165020234451
2.529505253 0.963505060523631
2.530856485 0.9635982442297439
2.532207716 0.963653715000126
2.533558948 0.963578275534078
2.534910179 0.9635871504588409
2.536261410 0.963476219774225
2.537612642 0.96345181673748
2.538963873 0.963223345562901
2.540315105 0.963414104169146
2.541666336 0.963522809106216
2.543017568 0.963345337991851
2.544368799 0.963123545066219
2.545720030 0.963391920994994
2.547071262 0.9634407246523761
2.548422493 0.963507279078575
2.549773725 0.963225563469171
2.551124956 0.9630902805319159
2.552476188 0.962950582033334
2.553827419 0.962881848941132
2.555178651 0.9628929345919051
2.556529882 0.962850809797943
2.557881113 0.962810903798346
2.559232345 0.9628419416550971
2.560583576 0.962737747094662
2.561934808 0.96274218067604
2.563286039 0.962671245824013
2.564637271 0.962542689725848
2.565988502 0.9623543195621861
2.567339733 0.9623055709372941
2.568690965 0.9624407436483111
2.570042196 0.962369831006166
2.571393428 0.9621814946710561
2.572744659 0.962250177770089
2.574095891 0.962247962109725
2.575447122 0.962369831006166
2.576798354 0.962121677901781
2.578149585 0.961995410267217
2.579500816 0.962061864851187
2.580852048 0.961959969699401
2.582203279 0.962035282466735
2.583554511 0.9621859256907911
2.584905742 0.9619621846966381
2.586256974 0.961762855370339
2.587608205 0.961585708421575
2.588959437 0.9618979518474259
2.590310668 0.9617097078593411
2.591661899 0.9615126448112009
2.593013131 0.961508216892031
2.594364362 0.961621135200842
2.595715594 0.961424090302043
2.597066825 0.9612315124040429
2.598418057 0.9609571002294941
2.599769288 0.960930548370395
2.601120519 0.961041185956888
2.602471751 0.961134131373684
2.603822982 0.961138557570122
2.605174214 0.96115847570634
2.606525445 0.960687190511897
2.607876677 0.96049254860012
2.609227908 0.960563322913889
2.610579140 0.9606341024426941
2.611930371 0.960616407071563
2.613281602 0.960505818386731
2.614632834 0.9601299120793569
2.615984065 0.960205081569727
2.617335297 0.96037976281553
2.618686528 0.9604593749356479
2.620037760 0.960404088040969
2.621388991 0.959869075379184
2.622740222 0.9596127287097821
2.624091454 0.959820452645799
2.625442685 0.960191815937921
2.626793917 0.959840343466296
2.628145148 0.959575166415564
2.629496380 0.959396213322922
2.630847611 0.959382958865966
2.632198843 0.9595486527401801
2.633550074 0.959506674252396
2.634901305 0.9592901827943779
2.636252537 0.958868385723556
2.637603768 0.9590339907264629
2.638955000 0.959204041618494
2.640306231 0.959031782471635
2.641657463 0.959003075621568
2.643008694 0.9588176059190281
2.644359925 0.958490913237088
2.645711157 0.9585637472315339
2.647062388 0.9587359223109481
2.648413620 0.9584202916184821
2.649764851 0.958462222576946
2.651116083 0.958248173221766
2.652467314 0.958047407491975
2.653818546 0.9582305218006699
2.655169777 0.958142269572291
2.656521008 0.957956966348301
2.657872240 0.957745235117241
2.659223471 0.957760672270959
2.660574703 0.957544574759668
2.661925934 0.957604106962522
2.663277166 0.9572359486060791
2.664628397 0.9565573211689979
2.665979629 0.95520150928191
2.667330860 0.953718045303378
2.668682091 0.95262286214103
2.670033323 0.9515201727454801
2.671384554 0.949935241945325
2.672735786 0.9486215797698869
2.674087017 0.947687167623272
2.675438249 0.947069825897167
2.676789480 0.946343928176279
2.678140711 0.945200624714326
2.679491943 0.9440543549669459
2.680843174 0.942570839983146
2.682194406 0.940814495218412
2.683545637 0.939160892782884
2.684896869 0.9372857191566349
2.686248100 0.935315216772854
2.687599332 0.93295994827738
2.688950563 0.9306277533514
2.690301794 0.9280021876170559
2.691653026 0.925490574257507
2.693004257 0.9229730070816331
2.694355489 0.919936816568604
2.695706720 0.916701622452115
2.697057952 0.9135324947336071
2.698409183 0.9103889966201569
2.699760414 0.9073837554732469
2.701111646 0.9045258856943881
2.702462877 0.9014133796460111
2.703814109 0.898212304263823
2.705165340 0.8953194103200179
2.706516572 0.892583799334396
2.707867803 0.8899917892175191
2.709219035 0.887470651660077
2.710570266 0.8850381671666
2.711921497 0.8822161423125431
2.713272729 0.8799115126682441
2.714623960 0.8779140510874861
2.715975192 0.8758081857241651
2.717326423 0.873801930769452
2.718677655 0.871884586275122
2.720028886 0.870233905516536
2.721380117 0.868522352431784
2.722731349 0.867083655773456
2.724082580 0.865764950660373
2.725433812 0.864233307537569
2.726785043 0.862875225712635
2.728136275 0.8613209287097131
2.729487506 0.860327885974376
2.730838738 0.859510130883038
2.732189969 0.8583689511929229
2.733541200 0.8573694409937229
2.734892432 0.856341517154806
2.736243663 0.8553049786029401
2.737594895 0.854391659187739
2.738946126 0.853770215500242
2.740297358 0.852797659962349
2.741648589 0.85199294780689
2.742999821 0.851094923303724
2.744351052 0.85051504426785
2.745702283 0.849996231005486
2.747053515 0.849366249833074
2.748404746 0.848584314756618
2.749755978 0.8479007120952861
2.751107209 0.8472605786143269
2.752458441 0.8468665905529291
2.753809672 0.846342207707706
2.755160903 0.8459778652374029
2.756512135 0.8454579261627679
2.757863366 0.844743774805579
2.759214598 0.8441876609320531
2.760565829 0.843560042454521
2.761917061 0.8434027252544619
2.763268292 0.842998884608584
2.764619524 0.842694190649805
2.765970755 0.842077377223695
2.767321986 0.841402891216525
2.768673218 0.841183993297256
2.770024449 0.841032928840946
2.771375681 0.8408702743812221
2.772726912 0.840653450700502
2.774078144 0.840336059750438
2.775429375 0.839945291687505
2.776780606 0.8397035707871611
2.778131838 0.839429060240266
2.779483069 0.839492846939406
2.780834301 0.83955083905381
2.782185532 0.8394522548427991
2.783536764 0.839355614893534
2.784887995 0.83917975873509
2.786239227 0.839065761793286
2.787590458 0.839170097376692
2.788941689 0.83934981685038
2.790292921 0.8393015013816221
2.791644152 0.8393517495269811
2.792995384 0.839359480277888
2.794346615 0.8396339680707059
2.795697847 0.840003315056765
2.797049078 0.8402644698245371
2.798400309 0.840367019445282
2.799751541 0.840519899658796
2.801102772 0.840767663348498
2.802454004 0.8411743088643869
2.803805235 0.841544333431692
2.805156467 0.8418272891965359
2.806507698 0.842137486968285
2.807858930 0.84250017547935
2.809210161 0.842760165985072
2.810561392 0.8432027222984919
2.811912624 0.843795101820509
2.813263855 0.844387897509942
2.814615087 0.8447418297133951
2.815966318 0.845021969106065
2.817317550 0.84547350021675
2.818668781 0.8460538381534051
2.820020013 0.846636523887795
2.821371244 0.847278136802462
2.822722475 0.847795291018268
2.824073707 0.848146745589924
2.825424938 0.8488246831173071
2.826776170 0.849450350733279
2.828127401 0.8498651094804229
2.829478633 0.850473919213636
2.830829864 0.851077286020128
2.832181095 0.8516222508709571
2.833532327 0.852032184435559
2.834883558 0.852831042481753
2.836234790 0.853563823201168
2.837586021 0.8542578926144501
2.838937253 0.8548068623459391
2.840288484 0.8554467880571821
2.841639716 0.8560063768866241
2.842990947 0.8565761934110969
2.844342178 0.85716415230105
2.845693410 0.857809793078233
2.847044641 0.858491500928513
2.848395873 0.85914407623952
2.849747104 0.859680349924526
2.851098336 0.860133772016229
2.852449567 0.8607241728488639
2.853800798 0.8613923291992811
2.855152030 0.8620709291221981
2.856503261 0.8627381443919551
2.857854493 0.863201129598941
2.859205724 0.863741924514531
2.860556956 0.864470146500893
2.861908187 0.8650734833154441
2.863259419 0.86574700936905
2.864610650 0.866486897586812
2.865961881 0.8668341249480309
2.867313113 0.8674411090009739
2.868664344 0.868112480617843
2.870015576 0.868382374449465
2.871366807 0.8690924957729981
2.872718039 0.869869292574611
2.874069270 0.870213867871046
2.875420501 0.870504458893445
2.876771733 0.8709355138597139
2.878122964 0.871533329070886
2.879474196 0.872139587291361
2.880825427 0.8727040672355549
2.882176659 0.873325216073802
2.883527890 0.8737616916299991
2.884879122 0.874140012710484
2.886230353 0.874564812847614
2.887581584 0.8750885471787829
2.888932816 0.875527919998072
2.890284047 0.876072403167591
2.891635279 0.8766697071470191
2.892986510 0.8769523576263281
2.894337742 0.877261358439101
2.895688973 0.877756390445022
2.897040205 0.878261813098378
2.898391436 0.8786400594943009
2.899742667 0.878980013351488
2.901093899 0.879476015181487
2.902445130 0.879868966203128
2.903796362 0.8800351116873231
2.905147593 0.880231690145239
2.906498825 0.880878479526956
2.907850056 0.881391788334388
2.909201287 0.881521684599209
2.910552519 0.8819053962590511
2.911903750 0.882512773319834
2.913254982 0.882813569561906
2.914606213 0.883138870019212
2.915957445 0.883382924022623
2.917308676 0.883834601741919
2.918659908 0.8842437523961939
2.920011139 0.8846184643215921
2.921362370 0.884775320241632
2.922713602 0.885201212238381
2.924064833 0.885621191565248
2.925416065 0.886055651563874
2.926767296 0.886533191339866
2.928118528 0.886778183358504
2.929469759 0.8868782412320599
2.930820990 0.887100859442763
2.932172222 0.8874829126049301
2.933523453 0.887955087805762
2.934874685 0.8884172858811711
2.936225916 0.8888613042398
2.937577148 0.8890271006825159
2.938928379 0.889082373035465
2.940279611 0.889330117272269
2.941630842 0.889657818956769
2.942982073 0.8903238347992211
2.944333305 0.89084264763946
2.945684536 0.891010865281767
2.947035768 0.891328924428249
2.948386999 0.891610142196699
2.949738231 0.8917292246251349
2.951089462 0.891942791567068
2.952440694 0.892324875377487
2.953791925 0.892705067330376
2.955143156 0.892959989364563
2.956494388 0.893293142347205
2.957845619 0.893605843353517
2.959196851 0.893747829273545
2.960548082 0.8941615690257381
2.961899314 0.894664077651216
2.963250545 0.894936044282293
2.964601776 0.89509885173471
2.965953008 0.8954472354898949
2.967304239 0.8956988157262511
2.968655471 0.8958349459707869
2.970006702 0.896315692452883
2.971357934 0.896825606701633
2.972709165 0.897069311846307
2.974060397 0.8974039979693561
2.975411628 0.897585855111356
2.976762859 0.897813228364248
2.978114091 0.898137851780226
2.979465322 0.898400531117069
2.980816554 0.89875433883464
2.982167785 0.899209735005059
2.983519017 0.899609431648601
2.984870248 0.899779304721011
2.986221479 0.899853893275311
2.987572711 0.9000984213325021
2.988923942 0.900434237581057
2.990275174 0.900848998366462
2.991626405 0.901293003985656
2.992977637 0.901614733489468
2.994328868 0.901789138105523
2.995680100 0.901892966393566
2.997031331 0.902052885337978
2.998382562 0.902370730512017
2.999733794 0.9028175649662571
3.001085025 0.9032126260885209
3.002436257 0.903426863057057
3.003787488 0.903526719002118
3.005138720 0.9038284342042451
3.006489951 0.904103186684491
3.007841182 0.904280154836222
3.009192414 0.904607116506634
3.010543645 0.90487793857001
3.011894877 0.905184273503703
3.013246108 0.9054636079464601
3.014597340 0.905722173326301
3.015948571 0.90600793222118
3.017299803 0.906120591884442
3.018651034 0.9063814318914519
3.020002265 0.906704977782808
3.021353497 0.907053701642255
3.022704728 0.907312721091344
3.024055960 0.9073670410007221
3.025407191 0.907590622553228
3.026758423 0.9079773187675041
3.028109654 0.908353721872146
3.029460886 0.908625665597487
3.030812117 0.90882653783751
3.032163348 0.9089625702955909
3.033514580 0.9089625702955909
3.034865811 0.909280756450793
3.036217043 0.909743581085541
3.037568274 0.9099656529583009
3.038919506 0.9102024496515649
3.040270737 0.9103910928707031
3.041621968 0.9103889966201569
3.042973200 0.91070558512235
3.044324431 0.9110495543088879
3.045675663 0.911177527212554
3.047026894 0.911150252791481
3.048378126 0.9115258723714901
3.049729357 0.91181346235616
3.051080589 0.911876450374245
3.052431820 0.912115844528545
3.053783051 0.912254469868649
3.055134283 0.9123195890425729
3.056485514 0.912708300122795
3.057836746 0.913084562004205
3.059187977 0.913294831701581
3.060539209 0.9134651856516569
3.061890440 0.9136292602281639
3.063241671 0.9135640475730671
3.064592903 0.913702893014204
3.065944134 0.914005901773244
3.067295366 0.9143300640036099
3.068646597 0.9145343031204599
3.069997829 0.914620644711167
3.071349060 0.9148080971935769
3.072700292 0.9151810101374571
3.074051523 0.915324316542611
3.075402754 0.915393870385288
3.076753986 0.9156594882220089
3.078105217 0.91608759019618
3.079456449 0.9163808395007039
3.080807680 0.9162943317449109
3.082158912 0.916224709483
3.083510143 0.916448363423884
3.084861374 0.9166741826774251
3.086212606 0.9167438390939929
3.087563837 0.9170879772249231
3.088915069 0.917351974353507
3.090266300 0.917476607397061
3.091617532 0.917548437519357
3.092968763 0.9174681571641381
3.094319995 0.917571677880575
3.095671226 0.917888650646767
3.097022457 0.9181232809860811
3.098373689 0.918474281521856
3.099724920 0.9186181036139379
3.101076152 0.918662523811265
3.102427383 0.9186582932237409
3.103778615 0.918810606649309
3.105129846 0.919070867174354
3.106481078 0.9192105495538531
3.107832309 0.919519619336358
3.109183540 0.919964354007153
3.110534772 0.9201719704592919
3.111886003 0.92022070355775
3.113237235 0.920135952001792
3.114588466 0.920066037844272
3.115939698 0.920277915270958
3.117290929 0.920462288321791
3.118642160 0.920407184459927
3.119993392 0.9207357370454371
3.121344623 0.921223482835821
3.122695855 0.921287120897543
3.124047086 0.921178938808141
3.125398318 0.9210304742708161
3.126749549 0.9211534860450751
3.128100781 0.9215077668824679
3.129452012 0.92177515877516
3.130803243 0.922110569370934
3.132154475 0.922187009108893
3.133505706 0.9221084461353279
3.134856938 0.9220213976846899
3.136208169 0.922025643759918
3.137559401 0.9222825676922279
3.138910632 0.922482210901775
3.140261863 0.9226372827808039
3.141613095 0.922860377088258
3.142964326 0.9228200036450189
3.144315558 0.922686146444321
3.145666789 0.922924128226535
3.147018021 0.923140915039854
3.148369252 0.9231302870484851
3.149720484 0.923381140278451
3.151071715 0.923604414451142
3.152422946 0.923587401185788
3.153774178 0.9235044660049679
3.155125409 0.923564008457637
3.156476641 0.923532110237729
3.157827872 0.9237426588504419
3.159179104 0.924059635637681
3.160530335 0.924306484812183
3.161881566 0.9242830738709991
3.163232798 0.9242894586143341
3.164584029 0.924346923289083
3.165935261 0.9244341912936279
3.167286492 0.924549142212925
3.168637724 0.924657720094753
3.169988955 0.9248791733298409
3.171340187 0.924981400402886
3.172691418 0.92494093416878
3.174042649 0.9250815086937649
3.175393881 0.925254061174823
3.176745112 0.925388290911598
3.178096344 0.9254373002708699
3.179447575 0.925465002361197
3.180798807 0.9256099191165881
3.182150038 0.925684517468565
3.183501270 0.925827336798719
3.184852501 0.925936064790102
3.186203732 0.925946725084367
3.187554964 0.9259488571579481
3.188906195 0.9261428964054871
3.190257427 0.926407366990162
3.191608658 0.926554564776861
3.192959890 0.926467096605809
3.194311121 0.926554564776861
3.195662352 0.926575899729775
3.197013584 0.926665511896715
3.198364815 0.9266783143423151
3.199716047 0.926693250752396
3.201067278 0.926910922899662
3.202418510 0.927047527606332
3.203769741 0.9272460672042829
3.205120973 0.927442513804372
3.206472204 0.9275044458160031
3.207823435 0.9275279383505329
3.209174667 0.927677450239736
3.210525898 0.927756487688429
3.211877130 0.92779494077395
3.213228361 0.9277885318156861
3.214579593 0.927978683070686
3.215930824 0.928096211756097
3.217282055 0.9280406508861969
3.218633287 0.927944495702328
3.219984518 0.92801928220653
3.221335750 0.92821375532654
3.222686981 0.9282778762758571
3.224038213 0.9284253712696341
3.225389444 0.9285707515834051
3.226740676 0.928694770428457
3.228091907 0.928797419240184
3.229443138 0.928962108741479
3.230794370 0.929000611796846
3.232145601 0.9290134465032649
3.233496833 0.929173895295612
3.234848064 0.9293215326587411
3.236199296 0.92952483987544
3.237550527 0.9295269801879439
3.238901759 0.9294927357792631
3.240252990 0.929518418967497
3.241604221 0.9294884553168841
3.242955453 0.929518418967497
3.244306684 0.929569787472973
3.245657916 0.929809544703063
3.247009147 0.9299872618292351
3.248360379 0.930137170146497
3.249711610 0.930364220172012
3.251062841 0.930449913829668
3.252414073 0.9304606260918391
3.253765304 0.930411350707002
3.255116536 0.930349224593372
3.256467767 0.9304156354194809
3.257818999 0.93062989620346
3.259170230 0.9307391882013449
3.260521462 0.9309235135825109
3.261872693 0.931092867902979
3.263223924 0.931131459272754
3.264575156 0.93110787546783
3.265926387 0.931062853498947
3.267277619 0.9311507555574541
3.268628850 0.9312193678083619
3.269980082 0.9313265845718681
3.271331313 0.931583955172534
3.272682544 0.931804921661186
3.274033776 0.9317362662666651
3.275385007 0.931629002339526
3.276736239 0.93161398637517
3.278087470 0.931603260834524
3.279438702 0.931800630550822
3.280789933 0.932017356325234
3.282141165 0.9321933489797
3.283492396 0.93244237095815
3.284843627 0.932532550490592
3.286194859 0.932496048200677
3.287546090 0.932500342513564
3.288897322 0.932474576932876
3.290248553 0.9325604649705239
3.291599785 0.932697902285828
3.292951016 0.9327752196766199
3.294302247 0.9328632834003789
3.295653479 0.932992172128902
3.297004710 0.933140416181829
3.298355942 0.9330974444670581
3.299707173 0.933082404834402
3.301058405 0.9331984311359229
3.302409636 0.933335962472323
3.303760868 0.933426228426904
3.305112099 0.9335788407270119
3.306463330 0.933714278167718
3.307814562 0.9336691301711381
3.309165793 0.933677729621224
3.310517025 0.9336841792607661
3.311868256 0.933679879496121
3.313219488 0.933772328799804
3.314570719 0.933952953847774
3.315921951 0.934062636101346
3.317273182 0.934069088399736
3.318624413 0.934107803126084
3.319975645 0.934077691533591
3.321326876 0.934069088399736
3.322678108 0.9342476196645341
3.324029339 0.9343917601537829
3.325380571 0.934434791475367
3.326731802 0.934492886903012
3.328083033 0.934626304888415
3.329434265 0.934873824166858
3.330785496 0.934981461689421
3.332136728 0.934882434712636
3.333487959 0.9348587559025751
3.334839191 0.934981461689421
3.336190422 0.935203234047561
3.337541654 0.935175240461204
3.338892885 0.93518170044522
3.340244116 0.935388443496963
3.341595348 0.9355866151430741
3.342946579 0.935735271429629
3.344297811 0.935771900518006
3.345649042 0.935763281779983
3.347000274 0.935599540839121
3.348351505 0.9355650727131589
3.349702736 0.935776209916786
3.351053968 0.9359852395814631
3.352405199 0.936246053377657
3.353756431 0.9362870142115619
3.355107662 0.936136114736432
3.356458894 0.9360692955962929
3.357810125 0.936207250030089
3.359161357 0.936371097327218
3.360512588 0.936386189967761
3.361863819 0.936457344264184
3.363215051 0.936591042716081
3.364566282 0.936716132742022
3.365917514 0.9366837802716781
3.367268745 0.936601825681018
3.368619977 0.936575946773727
3.369971208 0.936534973299554
3.371322439 0.936692407487845
3.372673671 0.936903799107033
3.374024902 0.936951260925027
3.375376134 0.936955575754974
3.376727365 0.9371195540179209
3.378078597 0.937292193719371
3.379429828 0.937287877339244
3.380781060 0.9371907640413539
3.382132291 0.93720371189969
3.383483522 0.937428169868759
3.384834754 0.937626773651845
3.386185985 0.9375943897296221
3.387537217 0.937438962471535
3.388888448 0.9374260113631151
3.390239680 0.937613819948736
3.391590911 0.937816781859637
3.392942143 0.9379398759050299
3.394293374 0.9378923640081619
3.395644605 0.9378383761376681
3.396995837 0.9379809108437961
3.398347068 0.9381990740780979
3.399698300 0.938322218301625
3.401049531 0.9382919708546269
3.402400763 0.9383978411851559
3.403751994 0.938464826543133
3.405103225 0.938276847496772
3.406454457 0.938233639246044
3.407805688 0.938367591300404
3.409156920 0.938505884448528
3.410508151 0.938685263730693
3.411859383 0.9388776482825899
3.413210614 0.939046287388879
3.414561846 0.938992233095127
3.415913077 0.938873324601192
3.417264308 0.9387955017407521
3.418615540 0.938648520604014
3.419966771 0.9386052952375
3.421318003 0.938687425135877
3.422669234 0.9386766181597269
3.424020466 0.938771723820078
3.425371697 0.9391089942679869
3.426722928 0.939240908612587
3.428074160 0.939225769959786
3.429425391 0.939301465663912
3.430776623 0.939178192925197
3.432127854 0.9390635854200631
3.433479086 0.939152242831232
3.434830317 0.939366352551579
3.436181549 0.93971898298883
3.437532780 0.940019796951554
3.438884011 0.940288230242217
3.440235243 0.940528586353341
3.441586474 0.9406412067448029
3.442937706 0.940634709047984
3.444288937 0.9404462953636581
3.445640169 0.940387829825319
3.446991400 0.940509095731374
3.448342631 0.9406260455220451
3.449693863 0.9409401493238281
3.451045094 0.941217514325275
3.452396326 0.9413583950398361
3.453747557 0.9414190886149569
3.455098789 0.941351892388872
3.456450020 0.941338887221701
3.457801252 0.941323714753753
3.459152483 0.9412716967201991
3.460503714 0.941386573713077
3.461854946 0.9416207060744619
3.463206177 0.941854896666933
3.464557409 0.942060945801539
3.465908640 0.94227571865354
3.467259872 0.94237118897071
3.468611103 0.942267040013414
3.469962335 0.9421390393558591
3.471313566 0.942104330310307
3.472664797 0.942247513365383
3.474016029 0.942529604243427
3.475367260 0.942720606000123
3.476718492 0.9428269760269959
3.478069723 0.942915988741547
3.479420955 0.942987639225592
3.480772186 0.9430354092397031
3.482123417 0.9430267236026001
3.483474649 0.942987639225592
3.484825880 0.943007181211607
3.486177112 0.9432199979413549
3.487528343 0.943480655267638
3.488879575 0.943550176052603
3.490230806 0.943637084237606
3.491582038 0.943747903783201
3.492933269 0.943750076845558
3.494284500 0.943715308448284
3.495635732 0.943674022640175
3.496986963 0.9437218274252039
3.498338195 0.943832656922932
3.499689426 0.943873949671302
3.501040658 0.9440065333375389
3.502391889 0.944178267731008
3.503743120 0.944263059519509
3.505094352 0.944276105085892
3.506445583 0.944276105085892
3.507796815 0.944304371098024
3.509148046 0.944341335621347
3.510499278 0.944465286053331
3.511850509 0.9445131309223039
3.513201741 0.944380476105537
3.514552972 0.944458761940799
3.515904203 0.944782847335331
3.517255435 0.945096163053516
3.518606666 0.9453878140662271
3.519957898 0.94549448504228
3.521309129 0.945444413493517
3.522660361 0.9454030520402451
3.524011592 0.945435705668767
3.525362824 0.945710040679109
3.526714055 0.946095550510523
3.528065286 0.946330854042061
3.529416518 0.9464833968474581
3.530767749 0.9465248055658949
3.532118981 0.946485576208527
3.533470212 0.946516087790412
3.534821444 0.9465378823796711
3.536172675 0.946470320786422
3.537523906 0.946476858794358
3.538875138 0.946716616942223
3.540226369 0.947028393335093
3.541577601 0.9471548773616181
3.542928832 0.94717886761715
3.544280064 0.947277015899288
3.545631295 0.947423166630264
3.546982527 0.947460253237941
3.548333758 0.947434074305354
3.549684989 0.947479887912086
3.551036221 0.947554067019948
3.552387452 0.9476718928339579
3.553738684 0.947866119205131
3.555089915 0.9480145437076141
3.556441147 0.948075666434332
3.557792378 0.948062568375431
3.559143609 0.947988349459627
3.560494841 0.947920684335533
3.561846072 0.947922867006083
3.563197304 0.948032006941706
3.564548535 0.948128060479537
3.565899767 0.948202290333451
3.567250998 0.948431566276702
3.568602230 0.948693663811495
3.569953461 0.948820370249636
3.571304692 0.9488509570976009
3.572655924 0.948826924491195
3.574007155 0.9488116313313181
3.575358387 0.948833478778029
3.576709618 0.9489055789214611
3.578060850 0.9491393958587431
3.579412081 0.949395130789222
3.580763312 0.949552540378462
3.582114544 0.9497012289543391
3.583465775 0.9497843297697921
3.584817007 0.9497493390665199
3.586168238 0.949740591592122
3.587519470 0.949828069961725
3.588870701 0.949915556388754
3.590221933 0.949902432911009
3.591573164 0.9499133691298719
3.592924395 0.950062114207218
3.594275627 0.95020869463737
3.595626858 0.9503640508187741
3.596978090 0.950561017695724
3.598329321 0.950631060200292
3.599680553 0.950554451475515
3.601031784 0.95049316894077
3.602383016 0.950565395201062
3.603734247 0.950758025394873
3.605085478 0.9509397464633651
3.606436710 0.951042664157392
3.607787941 0.9510492337500671
3.609139173 0.951036094610099
3.610490404 0.9511390227316311
3.611841636 0.9512353910688109
3.613192867 0.951283578898814
3.614544098 0.951382152518103
3.615895330 0.951412821949504
3.617246561 0.9513536746456209
3.618597793 0.951386533804916
3.619949024 0.951480736351759
3.621300256 0.951563992877777
3.622651487 0.951658212995918
3.624002719 0.951750250954901
3.625353950 0.951892708201389
3.626705181 0.952096568726282
3.628056413 0.952164531936218
3.629407644 0.9520417632195699
3.630758876 0.9519431212573819
3.632110107 0.9520308024968059
3.633461339 0.952245655666584
3.634812570 0.952447398686179
3.636163801 0.952638216731185
3.637515033 0.9528115214071251
3.638866264 0.952800551822243
3.640217496 0.952660152289295
3.641568727 0.9526250556387581
3.642919959 0.9527062186054099
3.644271190 0.952842236916677
3.645622422 0.953028745195866
3.646973653 0.9531011641300211
3.648324884 0.953090191210523
3.649676116 0.953289918119962
3.651027347 0.9535928805509489
3.652378579 0.95374659395106
3.653729810 0.95383224502167
3.655081042 0.9538234599424921
3.656432273 0.9536807137458161
3.657783504 0.9536038592579049
3.659134736 0.953606055014464
3.660485967 0.953601663506402
3.661837199 0.953682909679339
3.663188430 0.953913510839986
3.664539662 0.954199094294476
3.665890893 0.9544122391838221
3.667242125 0.954502345668226
3.668593356 0.9545067413240921
3.669944587 0.954458390222898
3.671295819 0.954394658422591
3.672647050 0.954399053582538
3.673998282 0.954491356617122
3.675349513 0.954645214846137
3.676700745 0.954827678884136
3.678051976 0.954935414988784
3.679403208 0.954946409152327
3.680754439 0.954970596757673
3.682105670 0.9550475613960521
3.683456902 0.955135528578147
3.684808133 0.9551685183603049
3.686159365 0.9551091375727949
3.687510596 0.955032167972162
3.688861828 0.95500358084319
3.690213059 0.9550475613960521
3.691564290 0.9552213043818231
3.692915522 0.955456677557805
3.694266753 0.9556260941393719
3.695617985 0.955747124374913
3.696969216 0.9558549642233859
3.698320448 0.9559121903085359
3.699671679 0.955894581917439
3.701022911 0.9558549642233859
3.702374142 0.955907788180353
3.703725373 0.956059673318275
3.705076605 0.9561653467779849
3.706427836 0.956202775595793
3.707779068 0.956282041458293
3.709130299 0.956409761391453
3.710481531 0.95652648590121
3.711832762 0.956599170622368
3.713183993 0.956577144366053
3.714535225 0.9564471997768009
3.715886456 0.956341495167268
3.717237688 0.9563921438348421
3.718588919 0.956541903410852
3.719940151 0.956660846838279
3.721291382 0.9567269329109349
3.722642614 0.9567952266487011
3.723993845 0.956896574727538
3.725345076 0.9570287840073319
3.726696308 0.957143380158752
3.728047539 0.957178643273582
3.729398771 0.957167623410641
3.730750002 0.957147787977059
3.732101234 0.9571037107074151
3.733452465 0.957066246624142
3.734803696 0.957105914522689
3.736154928 0.95721611175659
3.737506159 0.957315300115005
3.738857391 0.957361591532917
3.740208622 0.957392453721763
3.741559854 0.957418907818343
3.742911085 0.957416703282377
3.744262317 0.957421112359386
3.745613548 0.957478432208266
3.746964779 0.957537960298923
3.748316011 0.957555598962447
3.749667242 0.957610721880194
3.751018474 0.957782725779324
3.752369705 0.957992259437307
3.753720937 0.958080497848605
3.755072168 0.958080497848605
3.756423400 0.958118001634451
3.757774631 0.958148888207472
3.759125862 0.958100352611182
3.760477094 0.958025347889158
3.761828325 0.957987847730074
3.763179557 0.9580165241902531
3.764530788 0.958157713125499
3.765882020 0.958347468524142
3.767233251 0.9584754643133719
3.768584482 0.958561540059479
3.769935714 0.9586432088103171
3.771286945 0.958685149521425
3.772638177 0.9586873569781009
3.773989408 0.958693979378625
3.775340640 0.9587138468546741
3.776691871 0.9587359223109481
3.778043103 0.958749167828702
3.779394334 0.958724884519273
3.780745565 0.958676319745551
3.782096797 0.958693979378625
3.783448028 0.958835268154713
3.784799260 0.958998659259365
3.786150491 0.959049448652634
3.787501723 0.959003075621568
3.788852954 0.9589390403601731
3.790204185 0.9589280002300271
3.791555417 0.959011908406989
3.792906648 0.9590715318365141
3.794257880 0.958967745293404
3.795609111 0.958905920351047
3.796960343 0.959137784439141
3.798311574 0.959458069876654
3.799662806 0.959570747418792
3.801014037 0.959519930418554
3.802365268 0.959491208956678
3.803716500 0.959572956914634
3.805067731 0.959652502153367
3.806418963 0.9595641189617901
3.807770194 0.9593409876269839
3.809121426 0.959153244038282
3.810472657 0.959137784439141
3.811823889 0.9593255250017969
3.813175120 0.9595641189617901
3.814526351 0.959714375231184
3.815877583 0.959807192327801
3.817228814 0.959875705942757
3.818580046 0.959897808152133
3.819931277 0.959895597908294
3.821282509 0.9598558143894419
3.822633740 0.9597784622672689
3.823984971 0.959796142202745
3.825336203 0.959953065902161
3.826687434 0.9600525378684099
3.828038666 0.960003905841625
3.829389897 0.959981801189288
3.830741129 0.960023800463911
3.832092360 0.960012747845076
3.833443592 0.9599840116316171
3.834794823 0.9600260110029479
3.836146054 0.960107804525651
3.837497286 0.9601277013010789
3.838848517 0.9600193794011069
3.840199749 0.959919910870438
3.841550980 0.9599840116316171
3.842902212 0.960158652660207
3.844253443 0.9603886082807669
3.845604674 0.960629678569353
3.846955906 0.960780101692643
3.848307137 0.9608486847564819
3.849658369 0.960890721957325
3.851009600 0.960830985432634
3.852360832 0.9606141951730901
3.853712063 0.96038639690682
3.855063295 0.9603134244230389
3.856414526 0.960390819659805
3.857765757 0.960561111137648
3.859116989 0.960744705897624
3.860468220 0.960813286434816
3.861819452 0.960773464881746
3.863170683 0.960713735646677
3.864521915 0.960671706188659
3.865873146 0.960693826726829
3.867224377 0.960698250895585
3.868575609 0.9606341024426941
3.869926840 0.9606230427975391
3.871278072 0.9607070992942189
3.872629303 0.9607756771469511
3.873980535 0.960815498791714
3.875331766 0.960930548370395
3.876682998 0.9610854445581429
3.878034229 0.961116426791763
3.879385460 0.961021270251271
3.880736692 0.9609416115558599
3.882087923 0.960963738308903
3.883439155 0.96107880563802
3.884790386 0.9611319182831091
3.886141618 0.961041185956888
3.887492849 0.9609327609972981
3.888844081 0.960895147032818
3.890195312 0.9608995721286909
3.891546543 0.96093718626639
3.892897775 0.9610057805433481
3.894249006 0.9610633150027429
3.895600238 0.9610478246171429
3.896951469 0.960983652822258
3.898302701 0.960961525610672
3.899653932 0.960990291085086
3.901005163 0.9609504621959389
3.902356395 0.960786738549385
3.903707626 0.9606584341102401
3.905058858 0.960735857152622
3.906410089 0.960983652822258
3.907761321 0.9612536458323759
3.909112552 0.961439586752378
3.910463784 0.9615325706998089
3.911815015 0.961554711060346
3.913166246 0.961528142688878
3.914517478 0.961490505419265
3.915868709 0.961452869622894
3.917219941 0.961355466167143
3.918571172 0.961244792399886
3.919922404 0.9612270857795331
3.921273635 0.961320049175304
3.922624866 0.961488291508109
3.923976098 0.961678706500907
3.925327329 0.961816005818457
3.926678561 0.9618647296428829
3.928029792 0.961831508585774
3.929381024 0.961734066770635
3.930732255 0.961585708421575
3.932083487 0.961541426782848
3.933434718 0.9616167067820559
3.934785949 0.961550282947454
3.936137181 0.961373175152372
3.937488412 0.9613089816329401
3.938839644 0.961401952949126
3.940190875 0.961548068898656
3.941542107 0.961674277816997
3.942893338 0.961791644831801
3.944244569 0.9618470116029689
3.945595801 0.961811576502261
3.946947032 0.961767284462164
3.948298264 0.961632206337027
3.949649495 0.961428517833795
3.951000727 0.96131119513122
3.952351958 0.9612979142179949
3.953703190 0.961315622143068
3.955054421 0.961320049175304
3.956405652 0.961348825381783
3.957756884 0.9613886707820449
3.959108115 0.9613886707820449
3.960459347 0.9614373729584661
3.961810578 0.961550282947454
3.963161810 0.961660991887635
3.964513041 0.961696421440498
3.965864273 0.961612278383665
3.967215504 0.9614351591696519
3.968566735 0.961273566353624
3.969917967 0.961247005750364
3.971269198 0.9613753887984621
3.972620430 0.961523714698338
3.973971661 0.9616078500056661
3.975322893 0.961683135205213
3.976674124 0.961747353709571
3.978025355 0.961731852298659
3.979376587 0.9616167067820559
3.980727818 0.961486077602051
3.982079050 0.961444014355493
3.983430281 0.961370961511378
3.984781513 0.9612292990892399
3.986132744 0.961211592754281
3.987483976 0.9613311168450891
3.988835207 0.96148386370109
3.990186438 0.961612278383665
3.991537670 0.961716351137598
3.992888901 0.9617761427070071
3.994240133 0.9617451392070009
3.995591364 0.961674277816997
3.996942596 0.961601207476907
3.998293827 0.9615126448112009
3.999645058 0.9614085941014789
4.000996290 0.961280206619111
4.002347521 0.961125279041957
4.003698753 0.960974801876484
4.005049984 0.9609327609972981
4.006401216 0.9610854445581429
4.007752447 0.961302341168683
4.009103679 0.9615060029400939
4.010454910 0.9616632061964491
4.011806141 0.961722994461745
4.013157373 0.9616344205795601
4.014508604 0.9614218765438131
4.015859836 0.961271352941988
4.017211067 0.961277993192185
4.018562299 0.9612669261340061
4.019913530 0.961249219105938
4.021264761 0.96128906037778
4.022615993 0.961379816105934
4.023967224 0.9614351591696519
4.025318456 0.961406380378931
4.026669687 0.961370961511378
4.028020919 0.961291273830189
4.029372150 0.961167328343821
4.030723382 0.961050037514085
4.032074613 0.960963738308903
4.033425844 0.9609084223815699
4.034777076 0.9608973595782081
4.036128307 0.9609349736292969
4.037479539 0.9609681637206501
4.038830770 0.96100799334348
4.040182002 0.961052250416123
4.041533233 0.96106995381586
4.042884465 0.961050037514085
4.044235696 0.9610013549583689
4.045586927 0.9609084223815699
4.046938159 0.9608044370581671
4.048289390 0.9608066493946881
4.049640622 0.96084647232317
4.050991853 0.9607978000791689
4.052343085 0.9606252547163829
4.053694316 0.960457163398755
4.055045547 0.96046600957688
4.056396779 0.960585440956414
4.057748010 0.960766828116694
4.059099242 0.9609084223815699
4.060450473 0.960906209810709
4.061801705 0.9607712526216351
4.063152936 0.960696038808661
4.064504168 0.9607911631460161
4.065855399 0.960738069331232
4.067206630 0.9605080300356561
4.068557862 0.960242668521793
4.069909093 0.9600856974809849
4.071260325 0.9600989616467009
4.072611556 0.960282468074739
4.073962788 0.960567746481651
4.075314019 0.9607933754519731
4.076665250 0.960839835053803
4.078016482 0.960687190511897
4.079367713 0.960426202416933
4.080718945 0.960264779180892
4.082070176 0.9603421704971581
4.083421408 0.960317846839973
4.084772639 0.960090118849196
4.086123871 0.959809402368079
4.087475102 0.9596701797685511
4.088826333 0.959780672241393
4.090177565 0.959942014097682
4.091528796 0.9600459060833291
4.092880028 0.9601343336511841
4.094231259 0.960167496088934
4.095582491 0.960101172358803
4.096933722 0.9599110697220441
4.098284953 0.9597187948893879
4.099636185 0.9595795854326871
4.100987416 0.959431559436722
4.102338648 0.959301227094328
4.103689879 0.9592415893851389
4.105041111 0.95931227152143
4.106392342 0.959469116109486
4.107743574 0.9595619094862969
4.109094805 0.959555281090345
4.110446036 0.9594448145651251
4.111797268 0.959268094575931
4.113148499 0.9590847819909171
4.114499731 0.959014116616056
4.115850962 0.9590428237966241
4.117202194 0.9591068659883869
4.118553425 0.959166495321589
4.119904657 0.9591885812005989
4.121255888 0.959153244038282
4.122607119 0.9590560735544069
4.123958351 0.9589390403601731
4.125309582 0.958813190410942
4.126660814 0.9587006018248949
4.128012045 0.958616720885518
4.129363277 0.958572575970572
4.130714508 0.9585196047560579
4.132065739 0.9584578087054579
4.133416971 0.958396016638867
4.134768202 0.958332021912462
4.136119434 0.9582525861278449
4.137470665 0.958131238615256
4.138821897 0.9579988770362511
4.140173128 0.957886384070906
4.141524360 0.957833450775711
4.142875591 0.9578665337424099
4.144226822 0.957970201104306
4.145578054 0.9580010829127239
4.146929285 0.95794373177514
4.148280517 0.957848889351308
4.149631748 0.957760672270959
4.150982980 0.95770995112878
4.152334211 0.9577077459226621
4.153685442 0.957714361556249
4.155036674 0.957670258195529
4.156387905 0.957537960298923
4.157739137 0.957321913037663
4.159090368 0.957143380158752
4.160441600 0.957125749088508
4.161792831 0.957213907687578
4.163144063 0.957335139020022
4.164495294 0.9574012716727399
4.165846525 0.95733734336818
4.167197757 0.957161011553774
4.168548988 0.956969287571078
4.169900220 0.956801835978807
4.171251451 0.956678469344628
4.172602683 0.956579346968861
4.173953914 0.9564494020804
4.175305146 0.956315070840288
4.176656377 0.956213784350449
4.178007608 0.956160943483976
4.179358840 0.956145532114633
4.180710071 0.9560882920603779
4.182061303 0.9560200487818991
4.183412534 0.9559760234453689
4.184763766 0.9559650174280201
4.186114997 0.955973822231762
4.187466228 0.955989230833447
4.188817460 0.95601564615701
4.190168691 0.9559870295894289
4.191519923 0.955861567058366
4.192871154 0.95560629065098
4.194222386 0.9554478775171189
4.195573617 0.955445677519612
4.196924849 0.955480878087614
4.198276080 0.9554654776795419
4.199627311 0.955344483110094
4.200978543 0.9552740933204861
4.202329774 0.9552257033486249
4.203681006 0.9551575216396491
4.205032237 0.9550651541843099
4.206383469 0.955014575791526
4.207734700 0.954944210309493
4.209085931 0.954783708457004
4.210437163 0.954618837388467
4.211788394 0.9545594907734489
4.213139626 0.954704566790769
4.214490857 0.954741938426764
4.215842089 0.954638620413391
4.217193320 0.9544561925037669
4.218544552 0.9543045621040279
4.219895783 0.9542122771332011
4.221247014 0.954100228809141
4.222598246 0.953994783582091
4.223949477 0.9539091179160409
4.225300709 0.953852011745662
4.226651940 0.953801497598542
4.228003172 0.953733417545941
4.229354403 0.953625817051011
4.230705634 0.9534721231162671
4.232056866 0.953305283461875
4.233408097 0.95317358856716
4.234759329 0.953052884229167
4.236110560 0.952921224202285
4.237461792 0.952752287149083
4.238813023 0.952458364205212
4.240164255 0.952146992578904
4.241515486 0.9519212022093321
4.242866717 0.951831339388826
4.244217949 0.951807231294953
4.245569180 0.9515880948107229
4.246920412 0.951298911902099
4.248271643 0.951001057790955
4.249622875 0.9507514578137879
4.250974106 0.9503290387581831
4.252325338 0.9497624604291801
4.253676569 0.949152508794668
4.255027800 0.9485691584525511
4.256379032 0.948034189868586
4.257730263 0.947464616463698
4.259081495 0.946814717325161
4.260432726 0.94605633894392
4.261783958 0.945159273926364
4.263135189 0.944210879056248
4.264486420 0.9432438885312829
4.265837652 0.942193274799555
4.267188883 0.9409899823228891
4.268540115 0.9395632035318511
4.269891346 0.9380953862145001
4.271242578 0.936688093869829
4.272593809 0.9354767539363471
4.273945041 0.934837230232045
4.275296272 0.935401366455148
4.276647503 0.937003040195878
4.277998735 0.939424754582909
4.279349966 0.9422561918256611
4.280701198 0.9444783344135971
4.282052429 0.9460040593831149
4.283403661 0.946899745879625
4.284754892 0.9472748347158639
4.286106123 0.947253023157846
4.287457355 0.947181048579602
4.288808586 0.947133068565688
4.290159818 0.9471592391810639
4.291511049 0.9472246688832451
4.292862281 0.9472857406832099
4.294213512 0.9473664487440849
4.295564744 0.947468979709549
4.296915975 0.947567158053595
4.298267206 0.947619523996812
4.299618438 0.94762606994319
4.300969669 0.947578067386458
4.302320901 0.9474471636812289
4.303672132 0.947311915517131
4.305023364 0.94720940154847
4.306374595 0.947117802707324
4.307725826 0.946949894504042
4.309077058 0.946705717527118
4.310428289 0.9465313439502
4.311779521 0.9464376314241769
4.313130752 0.946400584845169
4.314481984 0.9462328037926621
4.315833215 0.946043268782867
4.317184447 0.9458842629524371
4.318535678 0.945834170761795
4.319886909 0.945788436730619
4.321238141 0.94569697530231
4.322589372 0.9455576225139539
4.323940604 0.945374753141123
4.325291835 0.9451331585713071
4.326643067 0.9449264374772209
4.327994298 0.944782847335331
4.329345530 0.9447371641389201
4.330696761 0.9445762028618999
4.332047992 0.944310894144058
4.333399224 0.943993491495401
4.334750455 0.9437370385464721
4.336101687 0.9435327953761259
4.337452918 0.943348145459834
4.338804150 0.9432047951537289
4.340155381 0.94318524907255
4.341506612 0.94313312816965
4.342857844 0.942959412627404
4.344209075 0.9426706813505981
4.345560307 0.942360339583905
4.346911538 0.9420848070341169
4.348262770 0.941828872613933
4.349614001 0.9416011928204421
4.350965233 0.941494961086805
4.352316464 0.9413757356620089
4.353667695 0.941174170654953
4.355018927 0.9408578223246871
4.356370158 0.940509095731374
4.357721390 0.9401929709467051
4.359072621 0.9398985941339479
4.360423853 0.9396237813629671
4.361775084 0.939450712206756
4.363126315 0.939258210228859
4.364477547 0.939022503116277
4.365828778 0.93871552385616
4.367180010 0.9385339777345619
4.368531241 0.938417288054581
4.369882473 0.9383070944562429
4.371233704 0.938071626026432
4.372584936 0.937747683511205
4.373936167 0.937415218909443
4.375287398 0.937100134041505
4.376638630 0.936843396634
4.377989861 0.9366578990999299
4.379341093 0.93648968891357
4.380692324 0.936308573264986
4.382043556 0.936019723187229
4.383394787 0.935750353821787
4.384746018 0.935513372905131
4.386097250 0.935338907144502
4.387448481 0.935153707503433
4.388799713 0.934936252420567
4.390150944 0.934675803500848
4.391502176 0.934353033658645
4.392853407 0.934034676656688
4.394204639 0.933763728478432
4.395555870 0.933563793335227
4.396907101 0.9334735140775829
4.398258333 0.93341333275607
4.399609564 0.9333703484733159
4.400960796 0.9333230680485509
4.402312027 0.933217770255474
4.403663259 0.933082404834402
4.405014490 0.932919132996487
4.406365722 0.9327537419807319
4.407716953 0.9325797908691951
4.409068184 0.932401578320312
4.410419416 0.9322212533059561
4.411770647 0.93209032485669
4.413121879 0.931987312119696
4.414473110 0.9318993310889679
4.415824342 0.93178132079873
4.417175573 0.9316611802210101
4.418526804 0.931577520040776
4.419878036 0.931560359906742
4.421229267 0.9315646499106159
4.422580499 0.9315410551337899
4.423931730 0.9315131711680149
4.425282962 0.9315517799582631
4.426634193 0.931603260834524
4.427985425 0.9315861002263319
4.429336656 0.931461695270155
4.430687887 0.931322295664323
4.432039119 0.9312815520277179
4.433390350 0.931302995824788
4.434741582 0.931296562633822
4.436092813 0.931152899613771
4.437444045 0.930964241554907
4.438795276 0.930762762667878
4.440146507 0.930728472732127
4.441497739 0.930777764912019
4.442848970 0.9308763571036089
4.444200202 0.930917083012906
4.445551433 0.9309299441965371
4.446902665 0.93098567804555
4.448253896 0.931137891323223
4.449605128 0.931242954437248
4.450956359 0.931225800466083
4.452307590 0.931097155753968
4.453658822 0.930951379897445
4.455010053 0.930820629799139
4.456361285 0.9306791831626531
4.457712516 0.93049276361834
4.459063748 0.930411350707002
4.460414979 0.9304370592778559
4.461766211 0.930574183653475
4.463117442 0.93077562171948
4.464468673 0.930925657115584
4.465819905 0.930994252780015
4.467171136 0.930846349678948
4.468522368 0.9306041823043989
4.469873599 0.93040278134124
4.471224831 0.9303513668040939
4.472576062 0.9303920697450271
4.473927293 0.930381358272135
4.475278525 0.930299955108142
4.476629756 0.930190714687178
4.477980988 0.9300643545174231
4.479332219 0.929916599145342
4.480683451 0.9297281915695589
4.482034682 0.9296382832295549
4.483385914 0.929610456219752
4.484737145 0.929642564381919
4.486088376 0.929589051394397
4.487439608 0.929511998103908
4.488790839 0.929419970599623
4.490142071 0.929336511672811
4.491493302 0.92921240712898
4.492844534 0.929049812467737
4.494195765 0.928814528478501
4.495546996 0.928545094579826
4.496898228 0.9282736014081
4.498249459 0.928038513996089
4.499600691 0.927903899838255
4.500951922 0.927790668130188
4.502303154 0.927675314185928
4.503654385 0.927506581476372
4.505005617 0.9273677737803381
4.506356848 0.9272695531944041
4.507708079 0.9272375269917239
4.509059311 0.927126511386071
4.510410542 0.926932266058119
4.511761774 0.926567365689658
4.513113005 0.926198343658715
4.514464237 0.925857182426913
4.515815468 0.9256397577359511
4.517166699 0.925505491523325
4.518517931 0.925401075711615
4.519869162 0.9252945411082589
4.521220394 0.9251219810780169
4.522571625 0.9249089883923629
4.523922857 0.924647074640621
4.525274088 0.924432062707691
4.526625320 0.924287330361655
4.527976551 0.924223485059963
4.529327782 0.924217100772356
4.530679014 0.9241958201321699
4.532030245 0.924159644168396
4.533381477 0.924059635637681
4.534732708 0.923883051258951
4.536083940 0.9236363151683931
4.537435171 0.923293971683536
4.538786403 0.922924128226535
4.540137634 0.922537438993406
4.541488865 0.92213392528528
4.542840097 0.9217581792056301
4.544191328 0.921410166949232
4.545542560 0.9211110663361259
4.546893791 0.9208523484102891
4.548245023 0.920646698310837
4.549596254 0.9205428306696589
4.550947485 0.920517395482668
4.552298717 0.9204453329360059
4.553649948 0.9202524874037491
4.555001180 0.919917752670935
4.556352411 0.919602196658617
4.557703643 0.919348136282831
4.559054874 0.9191576370640929
4.560406106 0.918943901612337
4.561757337 0.918685792390903
4.563108568 0.918408723040814
4.564459800 0.9181232809860811
4.565811031 0.917827360708111
4.567162263 0.917470269715073
4.568513494 0.9171344352099391
4.569864726 0.9168240560698869
4.571215957 0.916661518443058
4.572567188 0.9165433273590121
4.573918420 0.916469465670233
4.575269651 0.91636184929373
4.576620883 0.91619306474912
4.577972114 0.915961036760639
4.579323346 0.9156257547012019
4.580674577 0.915290595369757
4.582025809 0.914957665486837
4.583377040 0.914645916962662
4.584728271 0.9143237480570989
4.586079503 0.9139932744022851
4.587430734 0.913681854469812
4.588781966 0.913393675186034
4.590133197 0.9131266120704581
4.591484429 0.912916381102625
4.592835660 0.912769248224933
4.594186891 0.9126809798808541
4.595538123 0.9126095308066461
4.596889354 0.9124435383774581
4.598240586 0.9121809538070189
4.599591817 0.911798765777999
4.600943049 0.911437724266702
4.602294280 0.911097804276346
4.603645512 0.9107936624195819
4.604996743 0.910491718573426
4.606347974 0.910187779039651
4.607699206 0.909814805781801
4.609050437 0.909406386907746
4.610401669 0.9089583843779
4.611752900 0.908657048958146
4.613104132 0.9084352964426501
4.614455363 0.908311891600548
4.615806595 0.9080755867515939
4.617157826 0.9077912659735929
4.618509057 0.9074485269624969
4.619860289 0.907220802498896
4.621211520 0.907041170318827
4.622562752 0.906924219648336
4.623913983 0.906750909784227
4.625265215 0.9065275350918169
4.626616446 0.90620196590904
4.627967677 0.905772226766308
4.629318909 0.905300999802781
4.630670140 0.904811267155831
4.632021372 0.904367610709206
4.633372603 0.903955392774823
4.634723835 0.903612021361907
4.636075066 0.9033582184965719
4.637426298 0.9031731121982319
4.638777529 0.903089930711158
4.640128760 0.902965172844599
4.641479992 0.9028071709547559
4.642831223 0.902495406247659
4.644182455 0.902140125804489
4.645533686 0.901737228443957
4.646884918 0.901367718020325
4.648236149 0.9010232548618891
4.649587380 0.900714180159848
4.650938612 0.9003119196291379
4.652289843 0.899858037265174
4.653641075 0.8993215493306801
4.654992306 0.898855748014163
4.656343538 0.898441904943139
4.657694769 0.898129579663005
4.659046001 0.897844238270105
4.660397232 0.897577588078189
4.661748463 0.897325480139903
4.663099695 0.8970424597286769
4.664450926 0.896732685738496
4.665802158 0.8963198201486909
4.667153389 0.895876201644575
4.668504621 0.895395690887082
4.669855852 0.894863923864625
4.671207083 0.894332472653568
4.672558315 0.893813685473461
4.673909546 0.893358965043316
4.675260778 0.8929188679842219
4.676612009 0.8924769327244979
4.677963241 0.892000299097791
4.679314472 0.891509550468634
4.680665704 0.891031381801332
4.682016935 0.890604735457954
4.683368166 0.890225438010211
4.684719398 0.88993236202869
4.686070629 0.889618898064349
4.687421861 0.8892748295175901
4.688773092 0.888842884321561
4.690124324 0.888398875164348
4.691475555 0.8879694000661431
4.692826787 0.8875687439620209
4.694178018 0.887174396998335
4.695529249 0.886765932149778
4.696880481 0.8863250013416529
4.698231712 0.8858577724650389
4.699582944 0.885276630742276
4.700934175 0.884689759019503
4.702285407 0.884101240627795
4.703636638 0.8836290800987711
4.704987869 0.883191742664191
4.706339101 0.882783078787988
4.707690332 0.8823969534574201
4.709041564 0.882025213468514
4.710392795 0.88172671608716
4.711744027 0.881355258458739
4.713095258 0.880912961261974
4.714446490 0.8803816867431741
4.715797721 0.8798993563254239
4.717148952 0.8795387945412889
4.718500184 0.879170283011937
4.719851415 0.87876550334548
4.721202647 0.8781586832533721
4.722553878 0.877536117231448
4.723905110 0.876895820240972
4.725256341 0.876373022190739
4.726607572 0.875896921625574
4.727958804 0.8754936490506959
4.729310035 0.875104667054002
4.730661267 0.8746937029780151
4.732012498 0.8741742306701541
4.733363730 0.8736349504522439
4.734714961 0.873083940733893
4.736066193 0.872599580771451
4.737417424 0.8721034408794089
4.738768655 0.871589520712515
4.740119887 0.871126047995666
4.741471118 0.870686879368266
4.742822350 0.8702840016488619
4.744173581 0.869739110692601
4.745524813 0.869090494615877
4.746876044 0.868368377892091
4.748227276 0.8677347701714839
4.749578507 0.867265359394363
4.750929738 0.8668421088221351
4.752280970 0.8664210598143449
4.753632201 0.865924445147462
4.754983433 0.86543608605407
4.756334664 0.864949994001303
4.757685896 0.86443829883039
4.759037127 0.8639229278516
4.760388358 0.8634158164496639
4.761739590 0.8629705994774151
4.763090821 0.862553417068343
4.764442053 0.862090779267436
4.765793284 0.861562920994948
4.767144516 0.860950138038951
4.768495747 0.860236765804531
4.769846979 0.859490340158741
4.771198210 0.858703039207862
4.772549441 0.857981650955033
4.773900673 0.857314166124961
4.775251904 0.856801069635646
4.776603136 0.856311940677398
4.777954367 0.855850679873714
4.779305599 0.8553975459989449
4.780656830 0.854946620622959
4.782008061 0.854495932953634
4.783359293 0.854031717389817
4.784710524 0.8535500654886959
4.786061756 0.853039221787097
4.787412987 0.852503164945889
4.788764219 0.851877210279289
4.790115450 0.851212514535439
4.791466682 0.8505130858868419
4.792817913 0.849878807797944
4.794169144 0.849260646543016
4.795520376 0.84867224650382
4.796871607 0.848062773754785
4.798222839 0.847436176870584
4.799574070 0.8468100429517039
4.800925302 0.8461824232468049
4.802276533 0.845545533948277
4.803627764 0.8449285789876021
4.804978996 0.8443237388730079
4.806330227 0.843793158912723
4.807681459 0.843237670851073
4.809032690 0.8426398618988991
4.810383922 0.8419668640516259
4.811735153 0.841273095311245
4.813086385 0.840643772375695
4.814437616 0.840041999529727
4.815788847 0.8394715841678181
4.817140079 0.838837814364734
4.818491310 0.838171713043351
4.819842542 0.837415509391256
4.821193773 0.83664650273369
4.822545005 0.835864729606042
4.823896236 0.8351817581490679
4.825247468 0.8345473837633929
4.826598699 0.8340632769047841
4.827949930 0.833567934622244
4.829301162 0.83305945907854
4.830652393 0.832434363684342
4.832003625 0.831779092898671
4.833354856 0.8310956324032691
4.834706088 0.8304280304059171
4.836057319 0.82977816021472
4.837408550 0.8291383443471121
4.838759782 0.828504744909675
4.840111013 0.827886879746911
4.841462245 0.8272713802234261
4.842813476 0.826656338298282
4.844164708 0.82599800806681
4.845515939 0.825315497075661
4.846867171 0.824548108959364
4.848218402 0.8237605695385
4.849569633 0.822945358292874
4.850920865 0.8221972123945229
4.852272096 0.821481902055653
4.853623328 0.8209165286375659
4.854974559 0.820359100081562
4.856325791 0.8198171514882859
4.857677022 0.819179357531455
4.859028253 0.818504365372873
4.860379485 0.81776590572228
4.861730716 0.8170525692783209
4.863081948 0.816386848729185
4.864433179 0.81575172344837
4.865784411 0.815132107426615
4.867135642 0.8144923319649889
4.868486874 0.813847436767723
4.869838105 0.8131843277060911
4.871189336 0.8124806001661731
4.872540568 0.811747575193436
4.873891799 0.810974129107082
4.875243031 0.810216344571698
4.876594262 0.8095394175878969
4.877945494 0.808896581432287
4.879296725 0.80828961692102
4.880647956 0.8076366152133779
4.881999188 0.806976708488928
4.883350419 0.806328480726203
4.884701651 0.8056919046396079
4.886052882 0.805074368422823
4.887404114 0.8043776592199551
4.888755345 0.803644542896293
4.890106577 0.802852936170854
4.891457808 0.802075037012618
4.892809039 0.801327413024444
4.894160271 0.800560208710946
4.895511502 0.799777164765201
4.896862734 0.7990040855519269
4.898213965 0.798257485977405
4.899565197 0.79764748464591
4.900916428 0.7970709845999779
4.902267660 0.796538918370787
4.903618891 0.79595039023367
4.904970122 0.79534032056572
4.906321354 0.7946319081434661
4.907672585 0.793902190075406
4.909023817 0.7931220060005769
4.910375048 0.7923626576814701
4.911726280 0.7916186183947219
4.913077511 0.7909845487764611
4.914428742 0.7903746454437329
4.915779974 0.7897815790723309
4.917131205 0.7891544321502261
4.918482437 0.788476946604562
4.919833668 0.787758322319363
4.921184900 0.7870222309289631
4.922536131 0.786272343546496
4.923887363 0.785528596889304
4.925238594 0.784798203103654
4.926589825 0.784082931655124
4.927941057 0.783380938617936
4.929292288 0.782677771894082
4.930643520 0.781975236336264
4.931994751 0.781318306380576
4.933345983 0.7806763087620919
4.934697214 0.780070761422467
4.936048445 0.7794369677398101
4.937399677 0.778782170159419
4.938750908 0.778131506088005
4.940102140 0.7774831758584889
4.941453371 0.776876527680005
4.942804603 0.7762256684245401
4.944155834 0.7754842825590841
4.945507066 0.774672251566403
4.946858297 0.773809398051017
4.948209528 0.7730329396446901
4.949560760 0.7722821553888819
4.950911991 0.7716262615250329
4.952263223 0.77097092470728
4.953614454 0.77031969190764
4.954965686 0.769645970574774
4.956316917 0.7689586736056551
4.957668148 0.7681941578265059
4.959019380 0.7674144986464639
4.960370611 0.766614448129084
4.961721843 0.765841682463993
4.963073074 0.765119023221397
4.964424306 0.764397045890471
4.965775537 0.7636775082581759
4.967126769 0.762937566901455
4.968478000 0.76219483244269
4.969829231 0.7614633409824261
4.971180463 0.76072729661092
4.972531694 0.7599797141889
4.973882926 0.759267831202257
4.975234157 0.7585915486732149
4.976585389 0.757978697083491
4.977936620 0.757387267699302
4.979287852 0.7567126601947891
4.980639083 0.756019504531394
4.981990314 0.7552661140948069
4.983341546 0.754506525134818
4.984692777 0.7537390223202399
4.986044009 0.752948027660741
4.987395240 0.75214227608716
4.988746472 0.751403130342074
4.990097703 0.750680267356322
4.991448934 0.750008179877354
4.992800166 0.7492987360297749
4.994151397 0.748510677618492
4.995502629 0.747726891431912
4.996853860 0.7469473657812971
4.998205092 0.7462098887503891
4.999556323 0.7454851555504569
5.000907555 0.744596516335945
